Lleno:

Add:

75128.0 15.0 26
65148.0 32.0 28
78388.0 15.0 32
71640.0 32.0 37
71708.0 15.0 21
69344.0 16.0 25
75476.0 15.0 31
70144.0 32.0 31
63564.0 15.0 21
69288.0 16.0 21
75376.0 31.0 33
60920.0 0.0 17
72708.0 16.0 23
68492.0 27.0 21
68896.0 16.0 21
70092.0 16.0 26
73460.0 15.0 28
75084.0 32.0 31
64348.0 15.0 30
70992.0 31.0 30

Add + Swap1:

92244.0 681.0 98
93468.0 801.0 125
93112.0 587.0 97
91768.0 578.0 98
93036.0 708.0 101
93532.0 650.0 111
93424.0 643.0 99
93304.0 759.0 113
91584.0 732.0 108
93984.0 705.0 102
93228.0 619.0 100
92976.0 703.0 113
92572.0 609.0 93
91592.0 575.0 96
93696.0 702.0 104
93608.0 600.0 105
92460.0 622.0 95
91032.0 696.0 110
91760.0 597.0 109
93356.0 784.0 122

Add + Swap2: 

91768.0 465.0 84
92520.0 541.0 100
91984.0 375.0 94
92980.0 649.0 122
91300.0 371.0 70
92564.0 355.0 98
93108.0 449.0 101
92944.0 520.0 106
91240.0 341.0 96
93956.0 555.0 104
92644.0 466.0 101
92024.0 399.0 88
92452.0 458.0 88
92672.0 380.0 85
93316.0 544.0 103
92640.0 290.0 95
92716.0 606.0 102
92072.0 477.0 88
89928.0 435.0 99
92228.0 493.0 108

Add + Swap1 + Swap2: 

93252.0 1365.0 113
93876.0 1406.0 127
93304.0 979.0 103
93608.0 1375.0 124
94128.0 1443.0 119
93784.0 1001.0 114
94040.0 1191.0 111
93924.0 1372.0 126
92660.0 1071.0 121
94492.0 1334.0 113
93848.0 1240.0 114
93568.0 1178.0 118
93336.0 1166.0 103
93932.0 1071.0 104
94236.0 1384.0 117
93940.0 915.0 109
93932.0 1506.0 116
93804.0 1446.0 127
92176.0 1167.0 116
93928.0 1360.0 127

Lleno + Swap1: 

56248.0 200.0 46
44524.0 122.0 42
54444.0 189.0 49
42344.0 72.0 35
58224.0 231.0 56
52180.0 121.0 44
51880.0 141.0 43
46668.0 94.0 39
50040.0 153.0 47
56332.0 187.0 53
49708.0 122.0 41
51696.0 141.0 45
57524.0 172.0 44
55268.0 140.0 41
56784.0 188.0 54
51932.0 168.0 52
53536.0 169.0 52
51780.0 156.0 48
42840.0 78.0 38
49028.0 141.0 44

Lleno + Swap2: 

58932.0 527.0 60
47360.0 497.0 62
55880.0 433.0 64
44808.0 450.0 59
60952.0 645.0 81
54112.0 426.0 68
54192.0 485.0 67
49488.0 657.0 70
52696.0 434.0 64
58412.0 624.0 79
52224.0 662.0 68
54328.0 708.0 73
59736.0 627.0 68
57508.0 699.0 69
58200.0 987.0 69
53384.0 445.0 67
55660.0 644.0 72
54200.0 603.0 67
44496.0 465.0 59
51088.0 546.0 71

Lleno + Swap1 + Swap2: 

59500.0 1181.0 79
47556.0 984.0 71
56620.0 792.0 66
45048.0 666.0 59
61660.0 1141.0 92
54604.0 669.0 70
54300.0 734.0 71
49672.0 710.0 71
53328.0 673.0 71
58716.0 794.0 69
52624.0 790.0 77
54504.0 687.0 68
60216.0 888.0 72
57904.0 634.0 62
58232.0 766.0 65
53708.0 607.0 66
56000.0 938.0 79
54468.0 755.0 66
44648.0 477.0 52
51048.0 610.0 60