Vacio:

Add:

91712.0 637.0 100
94008.0 388.0 101
93372.0 203.0 101
93632.0 199.0 101
93888.0 450.0 101
93712.0 222.0 101
94140.0 238.0 101
93476.0 172.0 101
92708.0 131.0 101
94328.0 234.0 101
94080.0 157.0 101
91384.0 156.0 99
93284.0 172.0 101
90208.0 172.0 97
94224.0 169.0 101
91132.0 125.0 99
93572.0 174.0 101
91036.0 156.0 99
89892.0 149.0 99
93404.0 145.0 101

Add + Swap1:

93548.0 902.0 130
94596.0 728.0 120
93908.0 585.0 123
93800.0 546.0 114
94524.0 649.0 124
94528.0 569.0 126
94644.0 578.0 121
93964.0 583.0 119
93200.0 544.0 118
94728.0 587.0 117
94764.0 612.0 124
91944.0 568.0 118
93744.0 575.0 117
90488.0 522.0 112
94512.0 594.0 116
93912.0 606.0 134
94008.0 590.0 114
93732.0 629.0 125
92248.0 620.0 126
94064.0 589.0 122

Add + Swap2: 

92720.0 1023.0 105
94044.0 922.0 104
93412.0 684.0 102
93700.0 750.0 103
93884.0 824.0 102
93656.0 606.0 104
94176.0 687.0 104
93416.0 744.0 103
92492.0 623.0 110
94376.0 775.0 103
94064.0 744.0 109
91456.0 669.0 102
93276.0 828.0 107
90204.0 806.0 101
94416.0 915.0 104
91392.0 575.0 106
93732.0 884.0 111
92136.0 778.0 107
90028.0 681.0 107
93444.0 700.0 103

Add + Swap1 + Swap2: 

93644.0 1952.0 138
94504.0 1359.0 120
93920.0 1159.0 124
93800.0 1206.0 114
94448.0 1393.0 125
94564.0 1135.0 128
94672.0 1216.0 122
93968.0 1268.0 124
93100.0 1068.0 120
94772.0 1345.0 120
94756.0 1290.0 125
91856.0 1100.0 116
93792.0 1356.0 124
92548.0 1301.0 131
94656.0 1324.0 120
94184.0 1249.0 150
94040.0 1391.0 121
93660.0 1593.0 126
92100.0 1565.0 130
93976.0 1253.0 122