10 515.0
20 422.0
30 313.0
40 297.0
50 331.0
60 553.0
70 451.0
80 1174.0
90 466.0
100 384.0
110 343.0
120 1111.0
130 437.0
140 476.0
150 514.0
160 453.0
170 547.0
180 1733.0
190 1682.0
200 2532.0
210 650.0
220 757.0
230 806.0
240 1076.0
250 1719.0
260 1860.0
270 3125.0
280 4122.0
290 1360.0
300 1588.0
310 3585.0
320 6237.0
330 1150.0
340 4039.0
350 6501.0
360 1359.0
370 4972.0
380 2115.0
390 1621.0
400 5817.0
410 1716.0
420 3669.0
430 1855.0
440 2756.0
450 6851.0
460 1844.0
470 6512.0
480 2140.0
490 6539.0
500 2220.0