10 297.0
20 313.0
30 278.0
40 293.0
50 313.0
60 372.0
70 524.0
80 637.0
90 466.0
100 388.0
110 513.0
120 569.0
130 627.0
140 457.0
150 462.0
160 2069.0
170 604.0
180 2317.0
190 731.0
200 1117.0
210 3227.0
220 981.0
230 2221.0
240 4159.0
250 1906.0
260 1408.0
270 1714.0
280 1471.0
290 2689.0
300 3865.0
310 6122.0
320 7930.0
330 2032.0
340 6840.0
350 1304.0
360 5480.0
370 6107.0
380 3071.0
390 6882.0
400 3039.0
410 4322.0
420 2664.0
430 4509.0
440 7543.0
450 3832.0
460 8295.0
470 2936.0
480 7277.0
490 4236.0
500 7837.0