Vacio:

Add:

94344.0 668.0 101
94208.0 376.0 101
87952.0 256.0 97
93856.0 203.0 101
94592.0 395.0 101
89864.0 285.0 99
93844.0 159.0 101
92372.0 155.0 100
93496.0 134.0 101
93244.0 147.0 100
94788.0 135.0 101
94364.0 170.0 101
94152.0 156.0 101
94028.0 133.0 101
93820.0 155.0 101
93496.0 156.0 101
91080.0 139.0 99
93500.0 141.0 101
93000.0 163.0 101
95152.0 173.0 101

Add + Swap1:

94844.0 1024.0 117
94576.0 646.0 117
89508.0 641.0 130
94416.0 541.0 121
94780.0 485.0 111
92356.0 601.0 131
94432.0 534.0 120
94108.0 651.0 130
93956.0 576.0 126
94980.0 630.0 128
95304.0 523.0 117
94844.0 637.0 124
94536.0 565.0 118
94796.0 566.0 124
94452.0 617.0 125
94112.0 576.0 119
92600.0 554.0 121
93996.0 578.0 122
93600.0 572.0 119
95580.0 591.0 121

Add + Swap2: 

94508.0 963.0 104
94316.0 840.0 105
88844.0 715.0 99
93904.0 633.0 104
94592.0 619.0 101
90840.0 632.0 104
93888.0 624.0 106
93332.0 750.0 109
93660.0 641.0 108
94300.0 693.0 108
94968.0 588.0 105
94500.0 799.0 106
94332.0 738.0 107
94340.0 599.0 111
94072.0 765.0 111
93596.0 702.0 105
92056.0 657.0 108
93612.0 630.0 104
92924.0 703.0 103
95184.0 698.0 103

Add + Swap1 + Swap2: 

94732.0 1626.0 117
94576.0 1589.0 117
90332.0 1317.0 129
94416.0 1062.0 121
94780.0 987.0 111
92416.0 1190.0 133
94272.0 1094.0 122
94236.0 1498.0 143
94020.0 1127.0 126
95080.0 1279.0 131
95208.0 1003.0 116
94872.0 1442.0 130
94684.0 1281.0 124
94644.0 1086.0 128
94632.0 1371.0 131
94160.0 1335.0 121
91708.0 1260.0 116
93984.0 1326.0 121
93604.0 1758.0 125
95612.0 1809.0 123