Add:
94628.0 2228.0 121
95136.0 1591.0 127
95712.0 1239.0 120
89960.0 1084.0 116
95288.0 1321.0 124
94700.0 1045.0 127
95980.0 1346.0 120
94860.0 1120.0 122
92072.0 1109.0 128
95372.0 1219.0 121
95396.0 1094.0 126
95276.0 1307.0 119
95308.0 1308.0 125
94816.0 1236.0 116
95056.0 1249.0 117
94528.0 1156.0 116
94420.0 1466.0 125
96264.0 1389.0 124
94052.0 1379.0 120
94712.0 1530.0 136


Add, Swap1, Swap2:
94532.0 1718.0 122
94840.0 1207.0 118
94520.0 1311.0 123
93488.0 1415.0 128
95748.0 1527.0 125
94156.0 1520.0 117
96032.0 1659.0 118
95164.0 1320.0 134
95092.0 1491.0 125
95476.0 1382.0 120
95476.0 1450.0 130
95708.0 1473.0 117
94976.0 1684.0 138
95856.0 1570.0 120
96276.0 1434.0 119
94748.0 1589.0 136
96240.0 2134.0 121
95844.0 1281.0 118
94508.0 1799.0 132
94596.0 1487.0 123


Add, Swap1:
93740.0 2205.0 114
93988.0 1526.0 123
95232.0 1416.0 115
95768.0 1352.0 127
90284.0 1365.0 130
95572.0 1336.0 128
93080.0 1022.0 115
95060.0 1232.0 113
95924.0 1284.0 119
90532.0 1116.0 123
89856.0 1184.0 115
95208.0 1394.0 125
92700.0 1225.0 116
94628.0 1481.0 136
95672.0 1409.0 124
96272.0 1463.0 121
95468.0 1309.0 121
94052.0 1143.0 121
94876.0 1464.0 130
95248.0 1990.0 123

