Lleno:

Add:

62172.0 18.0 17
61016.0 11.0 14
62736.0 15.0 18
71612.0 16.0 27
60860.0 14.0 20
58336.0 10.0 14
49740.0 8.0 11
64892.0 12.0 16
56204.0 12.0 16
55160.0 8.0 10
65300.0 13.0 21
65256.0 11.0 15
60568.0 14.0 17
54424.0 11.0 13
63596.0 12.0 16
61264.0 11.0 15
57916.0 10.0 13
67984.0 15.0 23
67416.0 16.0 20
59296.0 15.0 16

Add + Swap1:

93860.0 716.0 95
93376.0 726.0 102
90952.0 703.0 100
93404.0 776.0 119
93520.0 625.0 97
90036.0 670.0 105
93320.0 600.0 103
93380.0 676.0 101
93320.0 698.0 116
93672.0 710.0 110
94428.0 742.0 114
93052.0 545.0 86
93832.0 745.0 111
94108.0 663.0 117
93116.0 681.0 107
93512.0 708.0 111
92676.0 716.0 112
93184.0 642.0 105
92684.0 782.0 119
94656.0 713.0 114

Add + Swap2: 

93272.0 603.0 107
92788.0 603.0 95
89272.0 600.0 82
91860.0 302.0 80
93120.0 351.0 92
89552.0 385.0 92
91988.0 451.0 103
91912.0 507.0 86
91700.0 507.0 86
92648.0 562.0 92
93612.0 343.0 101
93820.0 540.0 103
93128.0 520.0 101
92600.0 378.0 119
92848.0 499.0 96
93032.0 461.0 111
91708.0 343.0 89
90824.0 309.0 82
92044.0 434.0 96
94100.0 436.0 100

Add + Swap1 + Swap2: 

94428.0 1352.0 114
93944.0 1345.0 112
92084.0 1206.0 113
94000.0 1125.0 120
94412.0 1032.0 110
89548.0 1211.0 123
93824.0 1080.0 116
94092.0 1289.0 116
93588.0 1277.0 127
94580.0 1228.0 118
95120.0 1009.0 113
94072.0 1258.0 105
94372.0 1370.0 124
93440.0 953.0 113
93984.0 1265.0 120
94004.0 1211.0 119
93472.0 1081.0 113
93244.0 1083.0 116
93352.0 1376.0 123
95232.0 1206.0 114

Lleno + Swap1: 

54344.0 201.0 52
56156.0 207.0 51
51184.0 127.0 39
52168.0 166.0 53
50460.0 129.0 46
52172.0 152.0 48
48284.0 121.0 47
56680.0 162.0 45
49548.0 128.0 49
54180.0 195.0 55
53060.0 153.0 50
59076.0 226.0 57
52512.0 160.0 46
51176.0 221.0 65
55556.0 232.0 57
54884.0 203.0 49
53932.0 192.0 52
52748.0 163.0 44
55564.0 220.0 53
52784.0 158.0 48

Lleno + Swap2: 

55980.0 657.0 76
57748.0 531.0 69
53748.0 317.0 45
54224.0 367.0 60
52684.0 423.0 66
54176.0 415.0 67
50524.0 460.0 73
59052.0 484.0 68
51200.0 434.0 69
56520.0 381.0 58
54708.0 388.0 66
61108.0 566.0 75
54080.0 511.0 71
52176.0 423.0 65
58028.0 622.0 72
56964.0 655.0 71
56052.0 519.0 74
54580.0 373.0 60
57572.0 485.0 73
55032.0 484.0 71

Lleno + Swap1 + Swap2: 

56248.0 957.0 69
58592.0 886.0 78
54468.0 627.0 60
54200.0 751.0 76
52988.0 709.0 74
54644.0 755.0 76
50596.0 628.0 67
59408.0 777.0 70
51432.0 708.0 73
57140.0 860.0 83
55196.0 745.0 72
61472.0 951.0 77
54520.0 655.0 63
53016.0 602.0 67
58100.0 841.0 79
57184.0 773.0 74
56284.0 767.0 78
55152.0 802.0 84
57500.0 709.0 69
55012.0 643.0 64